# Created by Octave 4.0.3, Mon Oct 16 22:20:50 2017 -02 <jcscheunemann@Lisa>
# name: press
# type: matrix
# rows: 555
# columns: 1
 1012.4
 1012.4
 1012.4
 1012.4
 1012.4
 1012.4
 1012.4
 1012.4
 1012.4
 1012.4
 1012.4
 1012.4
 1012.4
 1012.4
 1012.4
 1012.4
 1012.4
 1012.4
 1012.4
 1012.4
 1012.4
 1012.4
 1012.4
 1012.4
 1012.4
 1012.4
 1012.4
 1012.4
 1012.4
 1012.4
 1012.4
 1012.4
 1012.4
 1012.4
 1012.4
 1012.4
 1012.4
 1012.4
 1012.4
 1012.4
 1012.4
 1012.4
 1012.4
 1012.4
 1012.4
 1012.4
 1012.4
 1012.4
 1012.4
 1012.4
 1012.4
 1012.4
 1012.4
 1012.4
 1012.4
 1012.4
 1012.4
 1012.4
 1012.4
 1012.4
 1012.4
 1012.4
 1012.4
 1012.4
 1012.4
 1012.4
 1012.4
 1012.4
 1012.4
 1012.4
 1012.4
 1012.4
 1012.4
 1012.4
 1012.4
 1012.4
 1012.4
 1012.4
 1012.4
 1012.4
 1012.4
 1012.4
 1012.4
 1012.4
 1012.4
 1012.4
 1012.4
 1012.4
 1012.4
 1012.4
 1012.3
 1012.3
 1012.3
 1012.3
 1012.3
 1012.2
 1012.2
 1012.1
 1012
 1011.9
 1011.9
 1011.8
 1011.7
 1011.5
 1011.4
 1011.2
 1011
 1010.7
 1010.5
 1010.4
 1010.2
 1010.1
 1010.1
 1010
 1009.9
 1009.8
 1009.7
 1009.6
 1009.6
 1009.5
 1009.4
 1009.3
 1009.2
 1009
 1008.8
 1008.6
 1008.2
 1008
 1007.9
 1007.8
 1007.6
 1007.5
 1007.4
 1007.3
 1007.2
 1007.1
 1006.9
 1006.7
 1006.5
 1006.2
 1005.7
 1005.5
 1005.4
 1005.2
 1005.1
 1004.9
 1004.7
 1004.5
 1004.3
 1003.9
 1003.4
 1003.2
 1003
 1002.8
 1002.6
 1002.3
 1002
 1001.5
 1001
 1000.7
 1000.4
 1000.2
 999.79
 999.27
 998.75
 998.4
 998.04
 997.55
 997.02
 996.5
 996.05
 995.62
 995.1
 994.59
 994.0700000000001
 993.65
 993.16
 992.64
 992.13
 991.7
 991.21
 990.7
 990.2
 989.6900000000001
 989.22
 988.71
 988.21
 987.71
 987.22
 986.73
 986.24
 985.76
 985.28
 984.8099999999999
 984.34
 983.87
 983.41
 982.95
 982.49
 982.04
 981.59
 981.15
 980.71
 980.27
 979.84
 979.41
 978.99
 978.5700000000001
 978.15
 977.73
 977.3200000000001
 976.92
 976.51
 976.11
 975.72
 975.33
 974.9400000000001
 974.55
 974.17
 973.79
 973.42
 973.05
 972.6799999999999
 972.3200000000001
 971.96
 971.6
 971.25
 970.9
 970.55
 970.21
 969.87
 969.53
 969.2
 968.87
 968.54
 968.22
 967.9
 967.59
 967.27
 966.96
 966.66
 966.36
 966.0599999999999
 965.76
 965.47
 965.1799999999999
 964.89
 964.61
 964.33
 964.0599999999999
 963.78
 963.51
 963.25
 962.99
 962.73
 962.47
 962.22
 961.97
 961.72
 961.48
 961.24
 961
 960.76
 960.53
 960.3099999999999
 960.08
 959.86
 959.64
 959.4299999999999
 959.22
 959.01
 958.8
 958.6
 958.4
 958.2
 958.01
 957.8200000000001
 957.63
 957.45
 957.27
 957.09
 956.92
 956.75
 956.58
 956.41
 956.25
 956.09
 955.9299999999999
 955.78
 955.63
 955.48
 955.34
 955.2
 955.0599999999999
 954.9299999999999
 954.79
 954.67
 954.54
 954.4299999999999
 954.3099999999999
 954.2
 954.09
 953.99
 953.88
 953.78
 953.6900000000001
 953.59
 953.5
 953.41
 953.33
 953.24
 953.16
 953.08
 953.01
 952.9400000000001
 952.87
 952.8
 952.74
 952.6799999999999
 952.62
 952.5599999999999
 952.51
 952.46
 952.42
 952.37
 952.33
 952.29
 952.26
 952.22
 952.1900000000001
 952.17
 952.14
 952.12
 952.1
 952.08
 952.0700000000001
 952.0599999999999
 952.05
 952.05
 952.04
 952.04
 952.05
 952.05
 952.0599999999999
 952.0700000000001
 952.08
 952.1
 952.12
 952.14
 952.17
 952.1900000000001
 952.22
 952.26
 952.29
 952.33
 952.37
 952.41
 952.46
 952.51
 952.5599999999999
 952.61
 952.67
 952.73
 952.79
 952.86
 952.9299999999999
 953
 953.0700000000001
 953.15
 953.22
 953.3
 953.39
 953.47
 953.5599999999999
 953.66
 953.75
 953.85
 953.95
 954.05
 954.15
 954.26
 954.37
 954.48
 954.6
 954.72
 954.85
 954.98
 955.11
 955.25
 955.38
 955.52
 955.67
 955.8099999999999
 955.96
 956.11
 956.27
 956.42
 956.58
 956.74
 956.91
 957.08
 957.25
 957.42
 957.6
 957.77
 957.95
 958.14
 958.3200000000001
 958.51
 958.7
 958.9
 959.09
 959.29
 959.5
 959.7
 959.91
 960.12
 960.33
 960.55
 960.77
 960.99
 961.21
 961.4400000000001
 961.66
 961.89
 962.13
 962.36
 962.6
 962.84
 963.09
 963.33
 963.58
 963.84
 964.09
 964.35
 964.61
 964.87
 965.13
 965.4
 965.67
 965.9400000000001
 966.22
 966.49
 966.77
 967.05
 967.34
 967.63
 967.91
 968.21
 968.5
 968.8
 969.1
 969.4
 969.7
 970.01
 970.3200000000001
 970.63
 970.9400000000001
 971.26
 971.58
 971.9
 972.23
 972.55
 972.88
 973.21
 973.55
 973.88
 974.22
 974.5599999999999
 974.9
 975.25
 975.59
 975.9400000000001
 976.3
 976.65
 977.01
 977.37
 977.73
 978.09
 978.46
 978.83
 979.2
 979.5700000000001
 979.95
 980.3200000000001
 980.7
 981.09
 981.47
 981.86
 982.25
 982.64
 983.03
 983.42
 983.8200000000001
 984.22
 984.62
 985.03
 985.4299999999999
 985.84
 986.25
 986.67
 987.08
 987.5
 987.92
 988.34
 988.76
 989.1900000000001
 989.62
 990.05
 990.48
 990.91
 991.35
 991.79
 992.23
 992.67
 993.12
 993.5599999999999
 994.01
 994.46
 994.91
 995.37
 995.83
 996.28
 996.75
 997.21
 997.67
 998.14
 998.61
 999.08
 999.55
 1000
 1000.5
 1001
 1001.5
 1001.9
 1002.4
 1002.9
 1003.4
 1003.9
 1004.4
 1004.9
 1005.4
 1005.9
 1006.4
 1006.9
 1007.4
 1007.9
 1008.4
 1008.9
 1009.4
 1009.9
 1010.4
 1010.9
 1011.5
 1012


